878604430289797170
878604378632769567
878604301801508894
878604388011216906
878604318150905887
878604327877488640
878604427748053012
878604418650607678
878604416209547264
878604344382079006
878604339705442346
878604447746510909
878604439781539851
878604349700444213
878604425445396491
878604445167022101
878604332554133555
878604421376933959
878604320692654121
878604363919159309
878604381291941908
878604371649249290
878604341647405086
878604310752161803
878604334991015987
878604390271942667
878604403962150932
878604432126930965
878604401877590076
878604325247651851
878604361452883989
878604330268233779
878604359057936444
878604337251766272
878604347049672724
878604313444880384
878604442944036885
878604437436915734
878604373930938398
878604385582714880
878604413328060486
878604450481180673
878604306381692938
878604406424240139
878604396659888189
878604434798706738
878604394881490944
878604368998440970
878604354112847922
878604304045453372
878604392708841472
878604366653841447
878604323054043186
878604399130325055
878604410689822770
878604356323250207
878604308667576370
878604376502067220
878604383405883412
878604408521367553
878604299318464562
878604315978256395
878604423314702337
